552
97
645
604
604
558
923
232
668
623
966
265
21
540
369
698
79
803
487
455
894
963
709
120
641
44
382
259
593
283
829
709
801
116
874
937
49
927
524
872
608
340
802
91
953
912
566
29
618
184
642
234
858
778
196
2
83
858
804
169
466
341
977
86
384
579
324
648
619
170
102
240
631
342
170
949
217
179
476
592
716
971
916
510
23
946
610
402
84
182
906
43
721
405
206
940
45
383
68
532
822
975
68
254
636
54
862
922
736
707
866
840
73
597
754
306
958
830
182
682
327
344
631
719
761
776
124
434
435
511
866
717
207
466
66
763
717
823
80
239
451
773
338
603
499
638
550
297
693
488
270
571
218
603
184
353
887
91
646
451
725
946
995
522
38
394
939
265
386
575
863
62
139
776
20
941
528
417
99
376
893
800
190
19
427
265
31
121
441
389
980
593
892
725
922
758
578
446
263
390
